(kicad_pcb (version 20171130) (host pcbnew "(5.1.8)-1")

  (general
    (thickness 1.6)
    (drawings 0)
    (tracks 0)
    (zones 0)
    (modules 21)
    (nets 13)
  )

  (page A4)
  (layers
    (0 F.Cu signal)
    (31 B.Cu signal)
    (32 B.Adhes user)
    (33 F.Adhes user)
    (34 B.Paste user)
    (35 F.Paste user)
    (36 B.SilkS user)
    (37 F.SilkS user)
    (38 B.Mask user)
    (39 F.Mask user)
    (40 Dwgs.User user)
    (41 Cmts.User user)
    (42 Eco1.User user)
    (43 Eco2.User user)
    (44 Edge.Cuts user)
    (45 Margin user)
    (46 B.CrtYd user)
    (47 F.CrtYd user)
    (48 B.Fab user)
    (49 F.Fab user)
  )

  (setup
    (last_trace_width 0.25)
    (trace_clearance 0.2)
    (zone_clearance 0.508)
    (zone_45_only no)
    (trace_min 0.2)
    (via_size 0.8)
    (via_drill 0.4)
    (via_min_size 0.4)
    (via_min_drill 0.3)
    (uvia_size 0.3)
    (uvia_drill 0.1)
    (uvias_allowed no)
    (uvia_min_size 0.2)
    (uvia_min_drill 0.1)
    (edge_width 0.05)
    (segment_width 0.2)
    (pcb_text_width 0.3)
    (pcb_text_size 1.5 1.5)
    (mod_edge_width 0.12)
    (mod_text_size 1 1)
    (mod_text_width 0.15)
    (pad_size 1.524 1.524)
    (pad_drill 0.762)
    (pad_to_mask_clearance 0)
    (aux_axis_origin 0 0)
    (visible_elements FFFFFF7F)
    (pcbplotparams
      (layerselection 0x010fc_ffffffff)
      (usegerberextensions false)
      (usegerberattributes true)
      (usegerberadvancedattributes true)
      (creategerberjobfile true)
      (excludeedgelayer true)
      (linewidth 0.100000)
      (plotframeref false)
      (viasonmask false)
      (mode 1)
      (useauxorigin false)
      (hpglpennumber 1)
      (hpglpenspeed 20)
      (hpglpendiameter 15.000000)
      (psnegative false)
      (psa4output false)
      (plotreference true)
      (plotvalue true)
      (plotinvisibletext false)
      (padsonsilk false)
      (subtractmaskfromsilk false)
      (outputformat 1)
      (mirror false)
      (drillshape 1)
      (scaleselection 1)
      (outputdirectory ""))
  )

  (net 0 "")
  (net 1 GND)
  (net 2 5V)
  (net 3 3V3)
  (net 4 high_in3)
  (net 5 low_out0)
  (net 6 low_out1)
  (net 7 low_out2)
  (net 8 low_out3)
  (net 9 high_in0)
  (net 10 high_in1)
  (net 11 high_in2)
  (net 12 N$9)

  (net_class Default "This is the default net class."
    (clearance 0.2)
    (trace_width 0.25)
    (via_dia 0.8)
    (via_drill 0.4)
    (uvia_dia 0.3)
    (uvia_drill 0.1)
    (add_net 3V3)
    (add_net 5V)
    (add_net GND)
    (add_net N$9)
    (add_net high_in0)
    (add_net high_in1)
    (add_net high_in2)
    (add_net high_in3)
    (add_net low_out0)
    (add_net low_out1)
    (add_net low_out2)
    (add_net low_out3)
  )

  (module Capacitor_SMD:C_1206_3216Metric (layer F.Cu) (tedit 5F68FEEE) (tstamp 5FCAE628)
    (at 113.391001 47.087001)
    (descr "Capacitor SMD 1206 (3216 Metric), square (rectangular) end terminal, IPC_7351 nominal, (Body size source: IPC-SM-782 page 76, https://www.pcb-3d.com/wordpress/wp-content/uploads/ipc-sm-782a_amendment_1_and_2.pdf), generated with kicad-footprint-generator")
    (tags capacitor)
    (path /top/create_LP2951_3v30/11204185273648781249)
    (attr smd)
    (fp_text reference P1 (at 0 -1.85) (layer F.SilkS)
      (effects (font (size 1 1) (thickness 0.15)))
    )
    (fp_text value 10uF (at 0 1.85) (layer F.Fab)
      (effects (font (size 1 1) (thickness 0.15)))
    )
    (fp_text user %R (at 0 0) (layer F.Fab)
      (effects (font (size 0.8 0.8) (thickness 0.12)))
    )
    (fp_line (start -1.6 0.8) (end -1.6 -0.8) (layer F.Fab) (width 0.1))
    (fp_line (start -1.6 -0.8) (end 1.6 -0.8) (layer F.Fab) (width 0.1))
    (fp_line (start 1.6 -0.8) (end 1.6 0.8) (layer F.Fab) (width 0.1))
    (fp_line (start 1.6 0.8) (end -1.6 0.8) (layer F.Fab) (width 0.1))
    (fp_line (start -0.711252 -0.91) (end 0.711252 -0.91) (layer F.SilkS) (width 0.12))
    (fp_line (start -0.711252 0.91) (end 0.711252 0.91) (layer F.SilkS) (width 0.12))
    (fp_line (start -2.3 1.15) (end -2.3 -1.15) (layer F.CrtYd) (width 0.05))
    (fp_line (start -2.3 -1.15) (end 2.3 -1.15) (layer F.CrtYd) (width 0.05))
    (fp_line (start 2.3 -1.15) (end 2.3 1.15) (layer F.CrtYd) (width 0.05))
    (fp_line (start 2.3 1.15) (end -2.3 1.15) (layer F.CrtYd) (width 0.05))
    (pad 2 smd roundrect (at 1.475 0) (size 1.15 1.8) (layers F.Cu F.Paste F.Mask) (roundrect_rratio 0.217391)
      (net 1 GND))
    (pad 1 smd roundrect (at -1.475 0) (size 1.15 1.8) (layers F.Cu F.Paste F.Mask) (roundrect_rratio 0.217391)
      (net 2 5V))
    (model ${KISYS3DMOD}/Capacitor_SMD.3dshapes/C_1206_3216Metric.wrl
      (at (xyz 0 0 0))
      (scale (xyz 1 1 1))
      (rotate (xyz 0 0 0))
    )
  )

  (module Capacitor_SMD:C_1206_3216Metric (layer F.Cu) (tedit 5F68FEEE) (tstamp 5FCAE639)
    (at 113.391001 43.737001)
    (descr "Capacitor SMD 1206 (3216 Metric), square (rectangular) end terminal, IPC_7351 nominal, (Body size source: IPC-SM-782 page 76, https://www.pcb-3d.com/wordpress/wp-content/uploads/ipc-sm-782a_amendment_1_and_2.pdf), generated with kicad-footprint-generator")
    (tags capacitor)
    (path /top/create_LP2951_3v30/11178355982670236296)
    (attr smd)
    (fp_text reference P2 (at 0 -1.85) (layer F.SilkS)
      (effects (font (size 1 1) (thickness 0.15)))
    )
    (fp_text value 10uF (at 0 1.85) (layer F.Fab)
      (effects (font (size 1 1) (thickness 0.15)))
    )
    (fp_line (start 2.3 1.15) (end -2.3 1.15) (layer F.CrtYd) (width 0.05))
    (fp_line (start 2.3 -1.15) (end 2.3 1.15) (layer F.CrtYd) (width 0.05))
    (fp_line (start -2.3 -1.15) (end 2.3 -1.15) (layer F.CrtYd) (width 0.05))
    (fp_line (start -2.3 1.15) (end -2.3 -1.15) (layer F.CrtYd) (width 0.05))
    (fp_line (start -0.711252 0.91) (end 0.711252 0.91) (layer F.SilkS) (width 0.12))
    (fp_line (start -0.711252 -0.91) (end 0.711252 -0.91) (layer F.SilkS) (width 0.12))
    (fp_line (start 1.6 0.8) (end -1.6 0.8) (layer F.Fab) (width 0.1))
    (fp_line (start 1.6 -0.8) (end 1.6 0.8) (layer F.Fab) (width 0.1))
    (fp_line (start -1.6 -0.8) (end 1.6 -0.8) (layer F.Fab) (width 0.1))
    (fp_line (start -1.6 0.8) (end -1.6 -0.8) (layer F.Fab) (width 0.1))
    (fp_text user %R (at 0 0) (layer F.Fab)
      (effects (font (size 0.8 0.8) (thickness 0.12)))
    )
    (pad 1 smd roundrect (at -1.475 0) (size 1.15 1.8) (layers F.Cu F.Paste F.Mask) (roundrect_rratio 0.217391)
      (net 3 3V3))
    (pad 2 smd roundrect (at 1.475 0) (size 1.15 1.8) (layers F.Cu F.Paste F.Mask) (roundrect_rratio 0.217391)
      (net 1 GND))
    (model ${KISYS3DMOD}/Capacitor_SMD.3dshapes/C_1206_3216Metric.wrl
      (at (xyz 0 0 0))
      (scale (xyz 1 1 1))
      (rotate (xyz 0 0 0))
    )
  )

  (module Connector_JST:JST_XH_B02B-XH-AM_1x02_P2.50mm_Vertical (layer F.Cu) (tedit 5A2731AA) (tstamp 5FCAE663)
    (at 105.591001 33.027001)
    (descr "JST XH series connector, B02B-XH-AM, with boss (http://www.jst-mfg.com/product/pdf/eng/eXH.pdf), generated with kicad-footprint-generator")
    (tags "connector JST XH side entry boss")
    (path /top/16020299414920009299)
    (fp_text reference P3 (at 1.25 -3.55) (layer F.SilkS)
      (effects (font (size 1 1) (thickness 0.15)))
    )
    (fp_text value 5V_IN (at 1.25 4.6) (layer F.Fab)
      (effects (font (size 1 1) (thickness 0.15)))
    )
    (fp_line (start -2.85 -2.75) (end -2.85 -1.5) (layer F.SilkS) (width 0.12))
    (fp_line (start -1.6 -2.75) (end -2.85 -2.75) (layer F.SilkS) (width 0.12))
    (fp_line (start 4.3 2.75) (end 1.25 2.75) (layer F.SilkS) (width 0.12))
    (fp_line (start 4.3 -0.2) (end 4.3 2.75) (layer F.SilkS) (width 0.12))
    (fp_line (start 5.05 -0.2) (end 4.3 -0.2) (layer F.SilkS) (width 0.12))
    (fp_line (start 1.25 2.75) (end -0.74 2.75) (layer F.SilkS) (width 0.12))
    (fp_line (start -1.8 -0.2) (end -1.8 1.14) (layer F.SilkS) (width 0.12))
    (fp_line (start -2.55 -0.2) (end -1.8 -0.2) (layer F.SilkS) (width 0.12))
    (fp_line (start 5.05 -2.45) (end 3.25 -2.45) (layer F.SilkS) (width 0.12))
    (fp_line (start 5.05 -1.7) (end 5.05 -2.45) (layer F.SilkS) (width 0.12))
    (fp_line (start 3.25 -1.7) (end 5.05 -1.7) (layer F.SilkS) (width 0.12))
    (fp_line (start 3.25 -2.45) (end 3.25 -1.7) (layer F.SilkS) (width 0.12))
    (fp_line (start -0.75 -2.45) (end -2.55 -2.45) (layer F.SilkS) (width 0.12))
    (fp_line (start -0.75 -1.7) (end -0.75 -2.45) (layer F.SilkS) (width 0.12))
    (fp_line (start -2.55 -1.7) (end -0.75 -1.7) (layer F.SilkS) (width 0.12))
    (fp_line (start -2.55 -2.45) (end -2.55 -1.7) (layer F.SilkS) (width 0.12))
    (fp_line (start 1.75 -2.45) (end 0.75 -2.45) (layer F.SilkS) (width 0.12))
    (fp_line (start 1.75 -1.7) (end 1.75 -2.45) (layer F.SilkS) (width 0.12))
    (fp_line (start 0.75 -1.7) (end 1.75 -1.7) (layer F.SilkS) (width 0.12))
    (fp_line (start 0.75 -2.45) (end 0.75 -1.7) (layer F.SilkS) (width 0.12))
    (fp_line (start 0 -1.35) (end 0.625 -2.35) (layer F.Fab) (width 0.1))
    (fp_line (start -0.625 -2.35) (end 0 -1.35) (layer F.Fab) (width 0.1))
    (fp_line (start 5.45 -2.85) (end -2.95 -2.85) (layer F.CrtYd) (width 0.05))
    (fp_line (start 5.45 3.9) (end 5.45 -2.85) (layer F.CrtYd) (width 0.05))
    (fp_line (start -2.95 3.9) (end 5.45 3.9) (layer F.CrtYd) (width 0.05))
    (fp_line (start -2.95 -2.85) (end -2.95 3.9) (layer F.CrtYd) (width 0.05))
    (fp_line (start 5.06 -2.46) (end -2.56 -2.46) (layer F.SilkS) (width 0.12))
    (fp_line (start 5.06 3.51) (end 5.06 -2.46) (layer F.SilkS) (width 0.12))
    (fp_line (start -2.56 3.51) (end 5.06 3.51) (layer F.SilkS) (width 0.12))
    (fp_line (start -2.56 -2.46) (end -2.56 3.51) (layer F.SilkS) (width 0.12))
    (fp_line (start 4.95 -2.35) (end -2.45 -2.35) (layer F.Fab) (width 0.1))
    (fp_line (start 4.95 3.4) (end 4.95 -2.35) (layer F.Fab) (width 0.1))
    (fp_line (start -2.45 3.4) (end 4.95 3.4) (layer F.Fab) (width 0.1))
    (fp_line (start -2.45 -2.35) (end -2.45 3.4) (layer F.Fab) (width 0.1))
    (fp_text user %R (at 1.25 2.7) (layer F.Fab)
      (effects (font (size 1 1) (thickness 0.15)))
    )
    (pad 1 thru_hole rect (at 0 0) (size 1.7 2) (drill 1) (layers *.Cu *.Mask)
      (net 2 5V))
    (pad 2 thru_hole oval (at 2.5 0) (size 1.7 2) (drill 1) (layers *.Cu *.Mask)
      (net 1 GND))
    (pad "" np_thru_hole circle (at -1.6 2) (size 1.2 1.2) (drill 1.2) (layers *.Cu *.Mask))
    (model ${KISYS3DMOD}/Connector_JST.3dshapes/JST_XH_B02B-XH-AM_1x02_P2.50mm_Vertical.wrl
      (at (xyz 0 0 0))
      (scale (xyz 1 1 1))
      (rotate (xyz 0 0 0))
    )
  )

  (module Connector_PinHeader_2.54mm:PinHeader_1x02_P2.54mm_Vertical (layer F.Cu) (tedit 59FED5CC) (tstamp 5FCAE679)
    (at 113.891001 31.977001)
    (descr "Through hole straight pin header, 1x02, 2.54mm pitch, single row")
    (tags "Through hole pin header THT 1x02 2.54mm single row")
    (path /top/13752437030296718158)
    (fp_text reference P4 (at 0 -2.33) (layer F.SilkS)
      (effects (font (size 1 1) (thickness 0.15)))
    )
    (fp_text value 3V3_PWR (at 0 4.87) (layer F.Fab)
      (effects (font (size 1 1) (thickness 0.15)))
    )
    (fp_line (start 1.8 -1.8) (end -1.8 -1.8) (layer F.CrtYd) (width 0.05))
    (fp_line (start 1.8 4.35) (end 1.8 -1.8) (layer F.CrtYd) (width 0.05))
    (fp_line (start -1.8 4.35) (end 1.8 4.35) (layer F.CrtYd) (width 0.05))
    (fp_line (start -1.8 -1.8) (end -1.8 4.35) (layer F.CrtYd) (width 0.05))
    (fp_line (start -1.33 -1.33) (end 0 -1.33) (layer F.SilkS) (width 0.12))
    (fp_line (start -1.33 0) (end -1.33 -1.33) (layer F.SilkS) (width 0.12))
    (fp_line (start -1.33 1.27) (end 1.33 1.27) (layer F.SilkS) (width 0.12))
    (fp_line (start 1.33 1.27) (end 1.33 3.87) (layer F.SilkS) (width 0.12))
    (fp_line (start -1.33 1.27) (end -1.33 3.87) (layer F.SilkS) (width 0.12))
    (fp_line (start -1.33 3.87) (end 1.33 3.87) (layer F.SilkS) (width 0.12))
    (fp_line (start -1.27 -0.635) (end -0.635 -1.27) (layer F.Fab) (width 0.1))
    (fp_line (start -1.27 3.81) (end -1.27 -0.635) (layer F.Fab) (width 0.1))
    (fp_line (start 1.27 3.81) (end -1.27 3.81) (layer F.Fab) (width 0.1))
    (fp_line (start 1.27 -1.27) (end 1.27 3.81) (layer F.Fab) (width 0.1))
    (fp_line (start -0.635 -1.27) (end 1.27 -1.27) (layer F.Fab) (width 0.1))
    (fp_text user %R (at 0 1.27 90) (layer F.Fab)
      (effects (font (size 1 1) (thickness 0.15)))
    )
    (pad 1 thru_hole rect (at 0 0) (size 1.7 1.7) (drill 1) (layers *.Cu *.Mask)
      (net 3 3V3))
    (pad 2 thru_hole oval (at 0 2.54) (size 1.7 1.7) (drill 1) (layers *.Cu *.Mask)
      (net 1 GND))
    (model ${KISYS3DMOD}/Connector_PinHeader_2.54mm.3dshapes/PinHeader_1x02_P2.54mm_Vertical.wrl
      (at (xyz 0 0 0))
      (scale (xyz 1 1 1))
      (rotate (xyz 0 0 0))
    )
  )

  (module Connector_PinHeader_2.54mm:PinHeader_1x01_P2.54mm_Vertical (layer F.Cu) (tedit 59FED5CC) (tstamp 5FCAE68E)
    (at 118.541001 36.427001)
    (descr "Through hole straight pin header, 1x01, 2.54mm pitch, single row")
    (tags "Through hole pin header THT 1x01 2.54mm single row")
    (path /top/9379499786944856355)
    (fp_text reference P5 (at 0 -2.33) (layer F.SilkS)
      (effects (font (size 1 1) (thickness 0.15)))
    )
    (fp_text value SUPP_1 (at 0 2.33) (layer F.Fab)
      (effects (font (size 1 1) (thickness 0.15)))
    )
    (fp_text user %R (at 0 0 90) (layer F.Fab)
      (effects (font (size 1 1) (thickness 0.15)))
    )
    (fp_line (start -0.635 -1.27) (end 1.27 -1.27) (layer F.Fab) (width 0.1))
    (fp_line (start 1.27 -1.27) (end 1.27 1.27) (layer F.Fab) (width 0.1))
    (fp_line (start 1.27 1.27) (end -1.27 1.27) (layer F.Fab) (width 0.1))
    (fp_line (start -1.27 1.27) (end -1.27 -0.635) (layer F.Fab) (width 0.1))
    (fp_line (start -1.27 -0.635) (end -0.635 -1.27) (layer F.Fab) (width 0.1))
    (fp_line (start -1.33 1.33) (end 1.33 1.33) (layer F.SilkS) (width 0.12))
    (fp_line (start -1.33 1.27) (end -1.33 1.33) (layer F.SilkS) (width 0.12))
    (fp_line (start 1.33 1.27) (end 1.33 1.33) (layer F.SilkS) (width 0.12))
    (fp_line (start -1.33 1.27) (end 1.33 1.27) (layer F.SilkS) (width 0.12))
    (fp_line (start -1.33 0) (end -1.33 -1.33) (layer F.SilkS) (width 0.12))
    (fp_line (start -1.33 -1.33) (end 0 -1.33) (layer F.SilkS) (width 0.12))
    (fp_line (start -1.8 -1.8) (end -1.8 1.8) (layer F.CrtYd) (width 0.05))
    (fp_line (start -1.8 1.8) (end 1.8 1.8) (layer F.CrtYd) (width 0.05))
    (fp_line (start 1.8 1.8) (end 1.8 -1.8) (layer F.CrtYd) (width 0.05))
    (fp_line (start 1.8 -1.8) (end -1.8 -1.8) (layer F.CrtYd) (width 0.05))
    (pad 1 thru_hole rect (at 0 0) (size 1.7 1.7) (drill 1) (layers *.Cu *.Mask)
      (net 1 GND))
    (model ${KISYS3DMOD}/Connector_PinHeader_2.54mm.3dshapes/PinHeader_1x01_P2.54mm_Vertical.wrl
      (at (xyz 0 0 0))
      (scale (xyz 1 1 1))
      (rotate (xyz 0 0 0))
    )
  )

  (module Connector_PinHeader_2.54mm:PinHeader_1x01_P2.54mm_Vertical (layer F.Cu) (tedit 59FED5CC) (tstamp 5FCAE6A3)
    (at 128.541001 24.177001)
    (descr "Through hole straight pin header, 1x01, 2.54mm pitch, single row")
    (tags "Through hole pin header THT 1x01 2.54mm single row")
    (path /top/8537902625097466659)
    (fp_text reference P6 (at 0 -2.33) (layer F.SilkS)
      (effects (font (size 1 1) (thickness 0.15)))
    )
    (fp_text value SUPP_2 (at 0 2.33) (layer F.Fab)
      (effects (font (size 1 1) (thickness 0.15)))
    )
    (fp_line (start 1.8 -1.8) (end -1.8 -1.8) (layer F.CrtYd) (width 0.05))
    (fp_line (start 1.8 1.8) (end 1.8 -1.8) (layer F.CrtYd) (width 0.05))
    (fp_line (start -1.8 1.8) (end 1.8 1.8) (layer F.CrtYd) (width 0.05))
    (fp_line (start -1.8 -1.8) (end -1.8 1.8) (layer F.CrtYd) (width 0.05))
    (fp_line (start -1.33 -1.33) (end 0 -1.33) (layer F.SilkS) (width 0.12))
    (fp_line (start -1.33 0) (end -1.33 -1.33) (layer F.SilkS) (width 0.12))
    (fp_line (start -1.33 1.27) (end 1.33 1.27) (layer F.SilkS) (width 0.12))
    (fp_line (start 1.33 1.27) (end 1.33 1.33) (layer F.SilkS) (width 0.12))
    (fp_line (start -1.33 1.27) (end -1.33 1.33) (layer F.SilkS) (width 0.12))
    (fp_line (start -1.33 1.33) (end 1.33 1.33) (layer F.SilkS) (width 0.12))
    (fp_line (start -1.27 -0.635) (end -0.635 -1.27) (layer F.Fab) (width 0.1))
    (fp_line (start -1.27 1.27) (end -1.27 -0.635) (layer F.Fab) (width 0.1))
    (fp_line (start 1.27 1.27) (end -1.27 1.27) (layer F.Fab) (width 0.1))
    (fp_line (start 1.27 -1.27) (end 1.27 1.27) (layer F.Fab) (width 0.1))
    (fp_line (start -0.635 -1.27) (end 1.27 -1.27) (layer F.Fab) (width 0.1))
    (fp_text user %R (at 0 0 90) (layer F.Fab)
      (effects (font (size 1 1) (thickness 0.15)))
    )
    (pad 1 thru_hole rect (at 0 0) (size 1.7 1.7) (drill 1) (layers *.Cu *.Mask)
      (net 1 GND))
    (model ${KISYS3DMOD}/Connector_PinHeader_2.54mm.3dshapes/PinHeader_1x01_P2.54mm_Vertical.wrl
      (at (xyz 0 0 0))
      (scale (xyz 1 1 1))
      (rotate (xyz 0 0 0))
    )
  )

  (module Connector_JST:JST_XH_B06B-XH-AM_1x06_P2.50mm_Vertical (layer F.Cu) (tedit 5A2731AA) (tstamp 5FCAE6D1)
    (at 105.591001 25.227001)
    (descr "JST XH series connector, B06B-XH-AM, with boss (http://www.jst-mfg.com/product/pdf/eng/eXH.pdf), generated with kicad-footprint-generator")
    (tags "connector JST XH side entry boss")
    (path /top/4337821984793533953)
    (fp_text reference P7 (at 6.25 -3.55) (layer F.SilkS)
      (effects (font (size 1 1) (thickness 0.15)))
    )
    (fp_text value ENC_IN_5V (at 6.25 4.6) (layer F.Fab)
      (effects (font (size 1 1) (thickness 0.15)))
    )
    (fp_line (start -2.85 -2.75) (end -2.85 -1.5) (layer F.SilkS) (width 0.12))
    (fp_line (start -1.6 -2.75) (end -2.85 -2.75) (layer F.SilkS) (width 0.12))
    (fp_line (start 14.3 2.75) (end 6.25 2.75) (layer F.SilkS) (width 0.12))
    (fp_line (start 14.3 -0.2) (end 14.3 2.75) (layer F.SilkS) (width 0.12))
    (fp_line (start 15.05 -0.2) (end 14.3 -0.2) (layer F.SilkS) (width 0.12))
    (fp_line (start 6.25 2.75) (end -0.74 2.75) (layer F.SilkS) (width 0.12))
    (fp_line (start -1.8 -0.2) (end -1.8 1.14) (layer F.SilkS) (width 0.12))
    (fp_line (start -2.55 -0.2) (end -1.8 -0.2) (layer F.SilkS) (width 0.12))
    (fp_line (start 15.05 -2.45) (end 13.25 -2.45) (layer F.SilkS) (width 0.12))
    (fp_line (start 15.05 -1.7) (end 15.05 -2.45) (layer F.SilkS) (width 0.12))
    (fp_line (start 13.25 -1.7) (end 15.05 -1.7) (layer F.SilkS) (width 0.12))
    (fp_line (start 13.25 -2.45) (end 13.25 -1.7) (layer F.SilkS) (width 0.12))
    (fp_line (start -0.75 -2.45) (end -2.55 -2.45) (layer F.SilkS) (width 0.12))
    (fp_line (start -0.75 -1.7) (end -0.75 -2.45) (layer F.SilkS) (width 0.12))
    (fp_line (start -2.55 -1.7) (end -0.75 -1.7) (layer F.SilkS) (width 0.12))
    (fp_line (start -2.55 -2.45) (end -2.55 -1.7) (layer F.SilkS) (width 0.12))
    (fp_line (start 11.75 -2.45) (end 0.75 -2.45) (layer F.SilkS) (width 0.12))
    (fp_line (start 11.75 -1.7) (end 11.75 -2.45) (layer F.SilkS) (width 0.12))
    (fp_line (start 0.75 -1.7) (end 11.75 -1.7) (layer F.SilkS) (width 0.12))
    (fp_line (start 0.75 -2.45) (end 0.75 -1.7) (layer F.SilkS) (width 0.12))
    (fp_line (start 0 -1.35) (end 0.625 -2.35) (layer F.Fab) (width 0.1))
    (fp_line (start -0.625 -2.35) (end 0 -1.35) (layer F.Fab) (width 0.1))
    (fp_line (start 15.45 -2.85) (end -2.95 -2.85) (layer F.CrtYd) (width 0.05))
    (fp_line (start 15.45 3.9) (end 15.45 -2.85) (layer F.CrtYd) (width 0.05))
    (fp_line (start -2.95 3.9) (end 15.45 3.9) (layer F.CrtYd) (width 0.05))
    (fp_line (start -2.95 -2.85) (end -2.95 3.9) (layer F.CrtYd) (width 0.05))
    (fp_line (start 15.06 -2.46) (end -2.56 -2.46) (layer F.SilkS) (width 0.12))
    (fp_line (start 15.06 3.51) (end 15.06 -2.46) (layer F.SilkS) (width 0.12))
    (fp_line (start -2.56 3.51) (end 15.06 3.51) (layer F.SilkS) (width 0.12))
    (fp_line (start -2.56 -2.46) (end -2.56 3.51) (layer F.SilkS) (width 0.12))
    (fp_line (start 14.95 -2.35) (end -2.45 -2.35) (layer F.Fab) (width 0.1))
    (fp_line (start 14.95 3.4) (end 14.95 -2.35) (layer F.Fab) (width 0.1))
    (fp_line (start -2.45 3.4) (end 14.95 3.4) (layer F.Fab) (width 0.1))
    (fp_line (start -2.45 -2.35) (end -2.45 3.4) (layer F.Fab) (width 0.1))
    (fp_text user %R (at 6.25 2.7) (layer F.Fab)
      (effects (font (size 1 1) (thickness 0.15)))
    )
    (pad 1 thru_hole rect (at 0 0) (size 1.7 1.95) (drill 0.95) (layers *.Cu *.Mask)
      (net 1 GND))
    (pad 2 thru_hole oval (at 2.5 0) (size 1.7 1.95) (drill 0.95) (layers *.Cu *.Mask)
      (net 2 5V))
    (pad 3 thru_hole oval (at 5 0) (size 1.7 1.95) (drill 0.95) (layers *.Cu *.Mask))
    (pad 4 thru_hole oval (at 7.5 0) (size 1.7 1.95) (drill 0.95) (layers *.Cu *.Mask))
    (pad 5 thru_hole oval (at 10 0) (size 1.7 1.95) (drill 0.95) (layers *.Cu *.Mask))
    (pad 6 thru_hole oval (at 12.5 0) (size 1.7 1.95) (drill 0.95) (layers *.Cu *.Mask)
      (net 4 high_in3))
    (pad "" np_thru_hole circle (at -1.6 2) (size 1.2 1.2) (drill 1.2) (layers *.Cu *.Mask))
    (model ${KISYS3DMOD}/Connector_JST.3dshapes/JST_XH_B06B-XH-AM_1x06_P2.50mm_Vertical.wrl
      (at (xyz 0 0 0))
      (scale (xyz 1 1 1))
      (rotate (xyz 0 0 0))
    )
  )

  (module Connector_PinHeader_2.54mm:PinHeader_1x04_P2.54mm_Vertical (layer F.Cu) (tedit 59FED5CC) (tstamp 5FCAE6E9)
    (at 123.891001 24.177001)
    (descr "Through hole straight pin header, 1x04, 2.54mm pitch, single row")
    (tags "Through hole pin header THT 1x04 2.54mm single row")
    (path /top/255900914280058555)
    (fp_text reference P8 (at 0 -2.33) (layer F.SilkS)
      (effects (font (size 1 1) (thickness 0.15)))
    )
    (fp_text value ENC_OUT_3V3 (at 0 9.95) (layer F.Fab)
      (effects (font (size 1 1) (thickness 0.15)))
    )
    (fp_line (start 1.8 -1.8) (end -1.8 -1.8) (layer F.CrtYd) (width 0.05))
    (fp_line (start 1.8 9.4) (end 1.8 -1.8) (layer F.CrtYd) (width 0.05))
    (fp_line (start -1.8 9.4) (end 1.8 9.4) (layer F.CrtYd) (width 0.05))
    (fp_line (start -1.8 -1.8) (end -1.8 9.4) (layer F.CrtYd) (width 0.05))
    (fp_line (start -1.33 -1.33) (end 0 -1.33) (layer F.SilkS) (width 0.12))
    (fp_line (start -1.33 0) (end -1.33 -1.33) (layer F.SilkS) (width 0.12))
    (fp_line (start -1.33 1.27) (end 1.33 1.27) (layer F.SilkS) (width 0.12))
    (fp_line (start 1.33 1.27) (end 1.33 8.95) (layer F.SilkS) (width 0.12))
    (fp_line (start -1.33 1.27) (end -1.33 8.95) (layer F.SilkS) (width 0.12))
    (fp_line (start -1.33 8.95) (end 1.33 8.95) (layer F.SilkS) (width 0.12))
    (fp_line (start -1.27 -0.635) (end -0.635 -1.27) (layer F.Fab) (width 0.1))
    (fp_line (start -1.27 8.89) (end -1.27 -0.635) (layer F.Fab) (width 0.1))
    (fp_line (start 1.27 8.89) (end -1.27 8.89) (layer F.Fab) (width 0.1))
    (fp_line (start 1.27 -1.27) (end 1.27 8.89) (layer F.Fab) (width 0.1))
    (fp_line (start -0.635 -1.27) (end 1.27 -1.27) (layer F.Fab) (width 0.1))
    (fp_text user %R (at 0 3.81 90) (layer F.Fab)
      (effects (font (size 1 1) (thickness 0.15)))
    )
    (pad 1 thru_hole rect (at 0 0) (size 1.7 1.7) (drill 1) (layers *.Cu *.Mask)
      (net 5 low_out0))
    (pad 2 thru_hole oval (at 0 2.54) (size 1.7 1.7) (drill 1) (layers *.Cu *.Mask)
      (net 6 low_out1))
    (pad 3 thru_hole oval (at 0 5.08) (size 1.7 1.7) (drill 1) (layers *.Cu *.Mask)
      (net 7 low_out2))
    (pad 4 thru_hole oval (at 0 7.62) (size 1.7 1.7) (drill 1) (layers *.Cu *.Mask)
      (net 8 low_out3))
    (model ${KISYS3DMOD}/Connector_PinHeader_2.54mm.3dshapes/PinHeader_1x04_P2.54mm_Vertical.wrl
      (at (xyz 0 0 0))
      (scale (xyz 1 1 1))
      (rotate (xyz 0 0 0))
    )
  )

  (module Package_TO_SOT_SMD:SOT-23 (layer F.Cu) (tedit 5A02FF57) (tstamp 5FCAE6FE)
    (at 143.521001 33.817001)
    (descr "SOT-23, Standard")
    (tags SOT-23)
    (path /top/create_voltage_translator0/7974482958233326608)
    (attr smd)
    (fp_text reference Q1 (at 0 -2.5) (layer F.SilkS)
      (effects (font (size 1 1) (thickness 0.15)))
    )
    (fp_text value 2N7002 (at 0 2.5) (layer F.Fab)
      (effects (font (size 1 1) (thickness 0.15)))
    )
    (fp_line (start 0.76 1.58) (end -0.7 1.58) (layer F.SilkS) (width 0.12))
    (fp_line (start 0.76 -1.58) (end -1.4 -1.58) (layer F.SilkS) (width 0.12))
    (fp_line (start -1.7 1.75) (end -1.7 -1.75) (layer F.CrtYd) (width 0.05))
    (fp_line (start 1.7 1.75) (end -1.7 1.75) (layer F.CrtYd) (width 0.05))
    (fp_line (start 1.7 -1.75) (end 1.7 1.75) (layer F.CrtYd) (width 0.05))
    (fp_line (start -1.7 -1.75) (end 1.7 -1.75) (layer F.CrtYd) (width 0.05))
    (fp_line (start 0.76 -1.58) (end 0.76 -0.65) (layer F.SilkS) (width 0.12))
    (fp_line (start 0.76 1.58) (end 0.76 0.65) (layer F.SilkS) (width 0.12))
    (fp_line (start -0.7 1.52) (end 0.7 1.52) (layer F.Fab) (width 0.1))
    (fp_line (start 0.7 -1.52) (end 0.7 1.52) (layer F.Fab) (width 0.1))
    (fp_line (start -0.7 -0.95) (end -0.15 -1.52) (layer F.Fab) (width 0.1))
    (fp_line (start -0.15 -1.52) (end 0.7 -1.52) (layer F.Fab) (width 0.1))
    (fp_line (start -0.7 -0.95) (end -0.7 1.5) (layer F.Fab) (width 0.1))
    (fp_text user %R (at 0 0 90) (layer F.Fab)
      (effects (font (size 0.5 0.5) (thickness 0.075)))
    )
    (pad 1 smd rect (at -1 -0.95) (size 0.9 0.8) (layers F.Cu F.Paste F.Mask)
      (net 3 3V3))
    (pad 2 smd rect (at -1 0.95) (size 0.9 0.8) (layers F.Cu F.Paste F.Mask)
      (net 5 low_out0))
    (pad 3 smd rect (at 1 0) (size 0.9 0.8) (layers F.Cu F.Paste F.Mask)
      (net 9 high_in0))
    (model ${KISYS3DMOD}/Package_TO_SOT_SMD.3dshapes/SOT-23.wrl
      (at (xyz 0 0 0))
      (scale (xyz 1 1 1))
      (rotate (xyz 0 0 0))
    )
  )

  (module Package_TO_SOT_SMD:SOT-23 (layer F.Cu) (tedit 5A02FF57) (tstamp 5FCAE713)
    (at 151.961001 33.817001)
    (descr "SOT-23, Standard")
    (tags SOT-23)
    (path /top/create_voltage_translator1/15544876061528516853)
    (attr smd)
    (fp_text reference Q2 (at 0 -2.5) (layer F.SilkS)
      (effects (font (size 1 1) (thickness 0.15)))
    )
    (fp_text value 2N7002 (at 0 2.5) (layer F.Fab)
      (effects (font (size 1 1) (thickness 0.15)))
    )
    (fp_text user %R (at 0 0 90) (layer F.Fab)
      (effects (font (size 0.5 0.5) (thickness 0.075)))
    )
    (fp_line (start -0.7 -0.95) (end -0.7 1.5) (layer F.Fab) (width 0.1))
    (fp_line (start -0.15 -1.52) (end 0.7 -1.52) (layer F.Fab) (width 0.1))
    (fp_line (start -0.7 -0.95) (end -0.15 -1.52) (layer F.Fab) (width 0.1))
    (fp_line (start 0.7 -1.52) (end 0.7 1.52) (layer F.Fab) (width 0.1))
    (fp_line (start -0.7 1.52) (end 0.7 1.52) (layer F.Fab) (width 0.1))
    (fp_line (start 0.76 1.58) (end 0.76 0.65) (layer F.SilkS) (width 0.12))
    (fp_line (start 0.76 -1.58) (end 0.76 -0.65) (layer F.SilkS) (width 0.12))
    (fp_line (start -1.7 -1.75) (end 1.7 -1.75) (layer F.CrtYd) (width 0.05))
    (fp_line (start 1.7 -1.75) (end 1.7 1.75) (layer F.CrtYd) (width 0.05))
    (fp_line (start 1.7 1.75) (end -1.7 1.75) (layer F.CrtYd) (width 0.05))
    (fp_line (start -1.7 1.75) (end -1.7 -1.75) (layer F.CrtYd) (width 0.05))
    (fp_line (start 0.76 -1.58) (end -1.4 -1.58) (layer F.SilkS) (width 0.12))
    (fp_line (start 0.76 1.58) (end -0.7 1.58) (layer F.SilkS) (width 0.12))
    (pad 3 smd rect (at 1 0) (size 0.9 0.8) (layers F.Cu F.Paste F.Mask)
      (net 10 high_in1))
    (pad 2 smd rect (at -1 0.95) (size 0.9 0.8) (layers F.Cu F.Paste F.Mask)
      (net 6 low_out1))
    (pad 1 smd rect (at -1 -0.95) (size 0.9 0.8) (layers F.Cu F.Paste F.Mask)
      (net 3 3V3))
    (model ${KISYS3DMOD}/Package_TO_SOT_SMD.3dshapes/SOT-23.wrl
      (at (xyz 0 0 0))
      (scale (xyz 1 1 1))
      (rotate (xyz 0 0 0))
    )
  )

  (module Package_TO_SOT_SMD:SOT-23 (layer F.Cu) (tedit 5A02FF57) (tstamp 5FCAE728)
    (at 141.951001 44.337001)
    (descr "SOT-23, Standard")
    (tags SOT-23)
    (path /top/create_voltage_translator2/3434371148014686044)
    (attr smd)
    (fp_text reference Q3 (at 0 -2.5) (layer F.SilkS)
      (effects (font (size 1 1) (thickness 0.15)))
    )
    (fp_text value 2N7002 (at 0 2.5) (layer F.Fab)
      (effects (font (size 1 1) (thickness 0.15)))
    )
    (fp_line (start 0.76 1.58) (end -0.7 1.58) (layer F.SilkS) (width 0.12))
    (fp_line (start 0.76 -1.58) (end -1.4 -1.58) (layer F.SilkS) (width 0.12))
    (fp_line (start -1.7 1.75) (end -1.7 -1.75) (layer F.CrtYd) (width 0.05))
    (fp_line (start 1.7 1.75) (end -1.7 1.75) (layer F.CrtYd) (width 0.05))
    (fp_line (start 1.7 -1.75) (end 1.7 1.75) (layer F.CrtYd) (width 0.05))
    (fp_line (start -1.7 -1.75) (end 1.7 -1.75) (layer F.CrtYd) (width 0.05))
    (fp_line (start 0.76 -1.58) (end 0.76 -0.65) (layer F.SilkS) (width 0.12))
    (fp_line (start 0.76 1.58) (end 0.76 0.65) (layer F.SilkS) (width 0.12))
    (fp_line (start -0.7 1.52) (end 0.7 1.52) (layer F.Fab) (width 0.1))
    (fp_line (start 0.7 -1.52) (end 0.7 1.52) (layer F.Fab) (width 0.1))
    (fp_line (start -0.7 -0.95) (end -0.15 -1.52) (layer F.Fab) (width 0.1))
    (fp_line (start -0.15 -1.52) (end 0.7 -1.52) (layer F.Fab) (width 0.1))
    (fp_line (start -0.7 -0.95) (end -0.7 1.5) (layer F.Fab) (width 0.1))
    (fp_text user %R (at 0 0 90) (layer F.Fab)
      (effects (font (size 0.5 0.5) (thickness 0.075)))
    )
    (pad 1 smd rect (at -1 -0.95) (size 0.9 0.8) (layers F.Cu F.Paste F.Mask)
      (net 3 3V3))
    (pad 2 smd rect (at -1 0.95) (size 0.9 0.8) (layers F.Cu F.Paste F.Mask)
      (net 7 low_out2))
    (pad 3 smd rect (at 1 0) (size 0.9 0.8) (layers F.Cu F.Paste F.Mask)
      (net 11 high_in2))
    (model ${KISYS3DMOD}/Package_TO_SOT_SMD.3dshapes/SOT-23.wrl
      (at (xyz 0 0 0))
      (scale (xyz 1 1 1))
      (rotate (xyz 0 0 0))
    )
  )

  (module Package_TO_SOT_SMD:SOT-23 (layer F.Cu) (tedit 5A02FF57) (tstamp 5FCAE73D)
    (at 152.811001 24.127001)
    (descr "SOT-23, Standard")
    (tags SOT-23)
    (path /top/create_voltage_translator3/4355306253071371516)
    (attr smd)
    (fp_text reference Q4 (at 0 -2.5) (layer F.SilkS)
      (effects (font (size 1 1) (thickness 0.15)))
    )
    (fp_text value 2N7002 (at 0 2.5) (layer F.Fab)
      (effects (font (size 1 1) (thickness 0.15)))
    )
    (fp_text user %R (at 0 0 90) (layer F.Fab)
      (effects (font (size 0.5 0.5) (thickness 0.075)))
    )
    (fp_line (start -0.7 -0.95) (end -0.7 1.5) (layer F.Fab) (width 0.1))
    (fp_line (start -0.15 -1.52) (end 0.7 -1.52) (layer F.Fab) (width 0.1))
    (fp_line (start -0.7 -0.95) (end -0.15 -1.52) (layer F.Fab) (width 0.1))
    (fp_line (start 0.7 -1.52) (end 0.7 1.52) (layer F.Fab) (width 0.1))
    (fp_line (start -0.7 1.52) (end 0.7 1.52) (layer F.Fab) (width 0.1))
    (fp_line (start 0.76 1.58) (end 0.76 0.65) (layer F.SilkS) (width 0.12))
    (fp_line (start 0.76 -1.58) (end 0.76 -0.65) (layer F.SilkS) (width 0.12))
    (fp_line (start -1.7 -1.75) (end 1.7 -1.75) (layer F.CrtYd) (width 0.05))
    (fp_line (start 1.7 -1.75) (end 1.7 1.75) (layer F.CrtYd) (width 0.05))
    (fp_line (start 1.7 1.75) (end -1.7 1.75) (layer F.CrtYd) (width 0.05))
    (fp_line (start -1.7 1.75) (end -1.7 -1.75) (layer F.CrtYd) (width 0.05))
    (fp_line (start 0.76 -1.58) (end -1.4 -1.58) (layer F.SilkS) (width 0.12))
    (fp_line (start 0.76 1.58) (end -0.7 1.58) (layer F.SilkS) (width 0.12))
    (pad 3 smd rect (at 1 0) (size 0.9 0.8) (layers F.Cu F.Paste F.Mask)
      (net 4 high_in3))
    (pad 2 smd rect (at -1 0.95) (size 0.9 0.8) (layers F.Cu F.Paste F.Mask)
      (net 8 low_out3))
    (pad 1 smd rect (at -1 -0.95) (size 0.9 0.8) (layers F.Cu F.Paste F.Mask)
      (net 3 3V3))
    (model ${KISYS3DMOD}/Package_TO_SOT_SMD.3dshapes/SOT-23.wrl
      (at (xyz 0 0 0))
      (scale (xyz 1 1 1))
      (rotate (xyz 0 0 0))
    )
  )

  (module Resistor_SMD:R_1206_3216Metric (layer F.Cu) (tedit 5F68FEEE) (tstamp 5FCAE74E)
    (at 150.971001 42.407001)
    (descr "Resistor SMD 1206 (3216 Metric), square (rectangular) end terminal, IPC_7351 nominal, (Body size source: IPC-SM-782 page 72, https://www.pcb-3d.com/wordpress/wp-content/uploads/ipc-sm-782a_amendment_1_and_2.pdf), generated with kicad-footprint-generator")
    (tags resistor)
    (path /top/create_voltage_translator0/13175822713954797275)
    (attr smd)
    (fp_text reference R3V (at 0 -1.82) (layer F.SilkS)
      (effects (font (size 1 1) (thickness 0.15)))
    )
    (fp_text value 10k (at 0 1.82) (layer F.Fab)
      (effects (font (size 1 1) (thickness 0.15)))
    )
    (fp_text user %R (at 0 0) (layer F.Fab)
      (effects (font (size 0.8 0.8) (thickness 0.12)))
    )
    (fp_line (start -1.6 0.8) (end -1.6 -0.8) (layer F.Fab) (width 0.1))
    (fp_line (start -1.6 -0.8) (end 1.6 -0.8) (layer F.Fab) (width 0.1))
    (fp_line (start 1.6 -0.8) (end 1.6 0.8) (layer F.Fab) (width 0.1))
    (fp_line (start 1.6 0.8) (end -1.6 0.8) (layer F.Fab) (width 0.1))
    (fp_line (start -0.727064 -0.91) (end 0.727064 -0.91) (layer F.SilkS) (width 0.12))
    (fp_line (start -0.727064 0.91) (end 0.727064 0.91) (layer F.SilkS) (width 0.12))
    (fp_line (start -2.28 1.12) (end -2.28 -1.12) (layer F.CrtYd) (width 0.05))
    (fp_line (start -2.28 -1.12) (end 2.28 -1.12) (layer F.CrtYd) (width 0.05))
    (fp_line (start 2.28 -1.12) (end 2.28 1.12) (layer F.CrtYd) (width 0.05))
    (fp_line (start 2.28 1.12) (end -2.28 1.12) (layer F.CrtYd) (width 0.05))
    (pad 2 smd roundrect (at 1.4625 0) (size 1.125 1.75) (layers F.Cu F.Paste F.Mask) (roundrect_rratio 0.222222)
      (net 3 3V3))
    (pad 1 smd roundrect (at -1.4625 0) (size 1.125 1.75) (layers F.Cu F.Paste F.Mask) (roundrect_rratio 0.222222)
      (net 5 low_out0))
    (model ${KISYS3DMOD}/Resistor_SMD.3dshapes/R_1206_3216Metric.wrl
      (at (xyz 0 0 0))
      (scale (xyz 1 1 1))
      (rotate (xyz 0 0 0))
    )
  )

  (module Resistor_SMD:R_1206_3216Metric (layer F.Cu) (tedit 5F68FEEE) (tstamp 5FCAE75F)
    (at 138.491001 33.187001)
    (descr "Resistor SMD 1206 (3216 Metric), square (rectangular) end terminal, IPC_7351 nominal, (Body size source: IPC-SM-782 page 72, https://www.pcb-3d.com/wordpress/wp-content/uploads/ipc-sm-782a_amendment_1_and_2.pdf), generated with kicad-footprint-generator")
    (tags resistor)
    (path /top/create_voltage_translator0/9586180049831727128)
    (attr smd)
    (fp_text reference R5V (at 0 -1.82) (layer F.SilkS)
      (effects (font (size 1 1) (thickness 0.15)))
    )
    (fp_text value 10k (at 0 1.82) (layer F.Fab)
      (effects (font (size 1 1) (thickness 0.15)))
    )
    (fp_text user %R (at 0 0) (layer F.Fab)
      (effects (font (size 0.8 0.8) (thickness 0.12)))
    )
    (fp_line (start -1.6 0.8) (end -1.6 -0.8) (layer F.Fab) (width 0.1))
    (fp_line (start -1.6 -0.8) (end 1.6 -0.8) (layer F.Fab) (width 0.1))
    (fp_line (start 1.6 -0.8) (end 1.6 0.8) (layer F.Fab) (width 0.1))
    (fp_line (start 1.6 0.8) (end -1.6 0.8) (layer F.Fab) (width 0.1))
    (fp_line (start -0.727064 -0.91) (end 0.727064 -0.91) (layer F.SilkS) (width 0.12))
    (fp_line (start -0.727064 0.91) (end 0.727064 0.91) (layer F.SilkS) (width 0.12))
    (fp_line (start -2.28 1.12) (end -2.28 -1.12) (layer F.CrtYd) (width 0.05))
    (fp_line (start -2.28 -1.12) (end 2.28 -1.12) (layer F.CrtYd) (width 0.05))
    (fp_line (start 2.28 -1.12) (end 2.28 1.12) (layer F.CrtYd) (width 0.05))
    (fp_line (start 2.28 1.12) (end -2.28 1.12) (layer F.CrtYd) (width 0.05))
    (pad 2 smd roundrect (at 1.4625 0) (size 1.125 1.75) (layers F.Cu F.Paste F.Mask) (roundrect_rratio 0.222222)
      (net 2 5V))
    (pad 1 smd roundrect (at -1.4625 0) (size 1.125 1.75) (layers F.Cu F.Paste F.Mask) (roundrect_rratio 0.222222)
      (net 9 high_in0))
    (model ${KISYS3DMOD}/Resistor_SMD.3dshapes/R_1206_3216Metric.wrl
      (at (xyz 0 0 0))
      (scale (xyz 1 1 1))
      (rotate (xyz 0 0 0))
    )
  )

  (module Resistor_SMD:R_1206_3216Metric (layer F.Cu) (tedit 5F68FEEE) (tstamp 5FCAE770)
    (at 138.491001 23.497001)
    (descr "Resistor SMD 1206 (3216 Metric), square (rectangular) end terminal, IPC_7351 nominal, (Body size source: IPC-SM-782 page 72, https://www.pcb-3d.com/wordpress/wp-content/uploads/ipc-sm-782a_amendment_1_and_2.pdf), generated with kicad-footprint-generator")
    (tags resistor)
    (path /top/create_voltage_translator1/1968692343561953462)
    (attr smd)
    (fp_text reference R3V_1 (at 0 -1.82) (layer F.SilkS)
      (effects (font (size 1 1) (thickness 0.15)))
    )
    (fp_text value 10k (at 0 1.82) (layer F.Fab)
      (effects (font (size 1 1) (thickness 0.15)))
    )
    (fp_line (start 2.28 1.12) (end -2.28 1.12) (layer F.CrtYd) (width 0.05))
    (fp_line (start 2.28 -1.12) (end 2.28 1.12) (layer F.CrtYd) (width 0.05))
    (fp_line (start -2.28 -1.12) (end 2.28 -1.12) (layer F.CrtYd) (width 0.05))
    (fp_line (start -2.28 1.12) (end -2.28 -1.12) (layer F.CrtYd) (width 0.05))
    (fp_line (start -0.727064 0.91) (end 0.727064 0.91) (layer F.SilkS) (width 0.12))
    (fp_line (start -0.727064 -0.91) (end 0.727064 -0.91) (layer F.SilkS) (width 0.12))
    (fp_line (start 1.6 0.8) (end -1.6 0.8) (layer F.Fab) (width 0.1))
    (fp_line (start 1.6 -0.8) (end 1.6 0.8) (layer F.Fab) (width 0.1))
    (fp_line (start -1.6 -0.8) (end 1.6 -0.8) (layer F.Fab) (width 0.1))
    (fp_line (start -1.6 0.8) (end -1.6 -0.8) (layer F.Fab) (width 0.1))
    (fp_text user %R (at 0 0) (layer F.Fab)
      (effects (font (size 0.8 0.8) (thickness 0.12)))
    )
    (pad 1 smd roundrect (at -1.4625 0) (size 1.125 1.75) (layers F.Cu F.Paste F.Mask) (roundrect_rratio 0.222222)
      (net 6 low_out1))
    (pad 2 smd roundrect (at 1.4625 0) (size 1.125 1.75) (layers F.Cu F.Paste F.Mask) (roundrect_rratio 0.222222)
      (net 3 3V3))
    (model ${KISYS3DMOD}/Resistor_SMD.3dshapes/R_1206_3216Metric.wrl
      (at (xyz 0 0 0))
      (scale (xyz 1 1 1))
      (rotate (xyz 0 0 0))
    )
  )

  (module Resistor_SMD:R_1206_3216Metric (layer F.Cu) (tedit 5F68FEEE) (tstamp 5FCAE781)
    (at 136.921001 43.707001)
    (descr "Resistor SMD 1206 (3216 Metric), square (rectangular) end terminal, IPC_7351 nominal, (Body size source: IPC-SM-782 page 72, https://www.pcb-3d.com/wordpress/wp-content/uploads/ipc-sm-782a_amendment_1_and_2.pdf), generated with kicad-footprint-generator")
    (tags resistor)
    (path /top/create_voltage_translator2/8352346245568017122)
    (attr smd)
    (fp_text reference R3V_2 (at 0 -1.82) (layer F.SilkS)
      (effects (font (size 1 1) (thickness 0.15)))
    )
    (fp_text value 10k (at 0 1.82) (layer F.Fab)
      (effects (font (size 1 1) (thickness 0.15)))
    )
    (fp_text user %R (at 0 0) (layer F.Fab)
      (effects (font (size 0.8 0.8) (thickness 0.12)))
    )
    (fp_line (start -1.6 0.8) (end -1.6 -0.8) (layer F.Fab) (width 0.1))
    (fp_line (start -1.6 -0.8) (end 1.6 -0.8) (layer F.Fab) (width 0.1))
    (fp_line (start 1.6 -0.8) (end 1.6 0.8) (layer F.Fab) (width 0.1))
    (fp_line (start 1.6 0.8) (end -1.6 0.8) (layer F.Fab) (width 0.1))
    (fp_line (start -0.727064 -0.91) (end 0.727064 -0.91) (layer F.SilkS) (width 0.12))
    (fp_line (start -0.727064 0.91) (end 0.727064 0.91) (layer F.SilkS) (width 0.12))
    (fp_line (start -2.28 1.12) (end -2.28 -1.12) (layer F.CrtYd) (width 0.05))
    (fp_line (start -2.28 -1.12) (end 2.28 -1.12) (layer F.CrtYd) (width 0.05))
    (fp_line (start 2.28 -1.12) (end 2.28 1.12) (layer F.CrtYd) (width 0.05))
    (fp_line (start 2.28 1.12) (end -2.28 1.12) (layer F.CrtYd) (width 0.05))
    (pad 2 smd roundrect (at 1.4625 0) (size 1.125 1.75) (layers F.Cu F.Paste F.Mask) (roundrect_rratio 0.222222)
      (net 3 3V3))
    (pad 1 smd roundrect (at -1.4625 0) (size 1.125 1.75) (layers F.Cu F.Paste F.Mask) (roundrect_rratio 0.222222)
      (net 7 low_out2))
    (model ${KISYS3DMOD}/Resistor_SMD.3dshapes/R_1206_3216Metric.wrl
      (at (xyz 0 0 0))
      (scale (xyz 1 1 1))
      (rotate (xyz 0 0 0))
    )
  )

  (module Resistor_SMD:R_1206_3216Metric (layer F.Cu) (tedit 5F68FEEE) (tstamp 5FCAE792)
    (at 122.021001 43.707001)
